 Integrating f(x)=1/(1+x^2) using trapezoidal rule


 f(x) values 

f(0.000000)=1.000000

f(0.100000)=0.990099

f(0.200000)=0.961538

f(0.300000)=0.917431

f(0.400000)=0.862069

f(0.500000)=0.800000

f(0.600000)=0.735294

f(0.700000)=0.671141

f(0.800000)=0.609756

f(0.900000)=0.552486

f(1.000000)=0.500000

 Final integration value is 0.785398